0 16
100
0
0
0
0
0
0
0
0
0
0
0
0
0
0
0
1 16
100
0
0
0
0
0
0
0
100
0
0
0
0
0
0
0
2 16
100
0
0
0
100
0
0
0
100
0
0
0
100
0
0
0
3 12
100
0
0
100
0
0
100
0
0
100
0
0
4 16
100
0
100
0
100
0
100
0
100
0
100
0
100
0
100
0
5 16
100
100
100
100
100
100
100
100
100
100
100
100
100
100
100
100
6 16
100
0
0
100
100
0
0
100
100
0
0
100
100
0
0
1
7 16
100
0
100
0
100
100
0
100
100
0
100
0
100
100
0
100
8 16
100
0
100
0
0
100
0
0
100
0
0
100
0
0
100
0
9 16
0
100
0
0
100
0
0
100
0
100
0
100
0
0
100
0
10 16
100
100
0
0
100
0
100
100
0
100
0
100
100
0
100
0
11 7
100
0
100
0
0
100
0
12 16
10
20
30
40
50
60
70
80
90
80
70
60
50
40
30
20
13 32
5
10
15
20
25
30
35
40
45
50
55
60
65
70
75
80
85
80
75
70
65
60
55
50
45
40
35
30
25
20
15
10
14 19
10
20
30
40
50
60
70
80
90
100
90
80
70
60
50
40
30
20
